18,3
18,1
14,4
14,3
14,1
13,3
13,1
4,67
4,66
4,65
4,64
4,41
4,40
4,39
4,38
4,37
4,36
4,35
4,34
4,33
4,32
4,31
4,30
4,29
4,28
4,27
4,26
4,25
4,24
4,23
4,22
4,21
4,20
4,19
4,18
4,17
4,16
4,15
4,14
4,13
4,12
4,11
4,4
4,1
2,3
2,2
2,1
0,0
144,34
144,33
144,32
144,31
144,30
144,29
144,28
144,27
144,26
144,25
144,24
144,23
144,22
144,21
144,20
144,19
144,18
144,17
144,16
144,15
144,14
144,13
144,12
144,11
144,10
144,9
144,8
144,7
144,6
144,5
144,4
144,3
144,2
144,0
0,276
0,275
0,272
0,271
0,12
0,362
0,10
